t 	 x 	 v
0.0	0.0	83.0	  
0.01	0.82965665	82.93132753348361	  
0.02	1.6586265506696722	82.86264520906659	  
0.03	2.4869095541813317	82.79394318925574	  
0.04	3.314505414454787	82.72521166103851	  
0.05	4.141413787402102	82.65644083587726	  
0.060000000000000005	4.967634231172332	82.58762094970938	  
0.07	5.79316620639629	82.51874226295307	  
0.08	6.6180090764313935	82.44979506051892	  
0.09	7.442162107606668	82.38076965182711	  
0.09999999999999999	8.265624469467935	82.31165637083025	  
0.10999999999999999	9.088395235023272	82.2424455760419	  
0.11999999999999998	9.910473380988773	82.17312765057065	  
0.12999999999999998	10.731857788034684	82.1036930021597	  
0.13999999999999999	11.552547241031967	82.03413206323206	  
0.15	12.372540429299326	81.96443529094118	  
0.16	13.19183594685079	81.89459316722703	  
0.17	14.010432292643866	81.82459619887761	  
0.18000000000000002	14.828327870828343	81.75443491759593	  
0.19000000000000003	15.645520990995784	81.68409988007221	  
0.20000000000000004	16.462009868429785	81.61358166806158	  
0.21000000000000005	17.277792624357016	81.54287088846694	  
0.22000000000000006	18.092867286199123	81.4719581734271	  
0.23000000000000007	18.907231787825555	81.40083418041026	  
0.24000000000000007	19.72088396980733	81.32948959231256	  
0.25000000000000006	20.53382157967181	81.25791511756186	  
0.26000000000000006	21.346042272158567	81.18610149022669	  
0.2700000000000001	22.157543609476342	81.11403947013018	  
0.2800000000000001	22.96832306156117	81.04171984296919	  
0.2900000000000001	23.778378006335725	80.9691334204384	  
0.3000000000000001	24.587705729969937	80.8962710403594	  
0.3100000000000001	25.39630342714291	80.82312356681476	  
0.3200000000000001	26.20416820130623	80.74968189028708	  
0.3300000000000001	27.011297064948653	80.67593692780284	  
0.34000000000000014	27.817686939862288	80.60187962308116	  
0.35000000000000014	28.623334657410275	80.52750094668745	  
0.36000000000000015	29.428236958796035	80.45279189619173	  
0.37000000000000016	30.23239049533411	80.37774349633179	  
0.38000000000000017	31.03579182872267	80.30234679918108	  
0.3900000000000002	31.83843743131773	80.22659288432128	  
0.4000000000000002	32.6403236864091	80.15047285901943	  
0.4100000000000002	33.44144688849812	80.07397785840985	  
0.4200000000000002	34.241803243577294	79.99709904568044	  
0.4300000000000002	35.041388869411726	79.91982761226373	  
0.4400000000000002	35.84019979582256	79.84215477803224	  
0.45000000000000023	36.63823196497237	79.76407179149842	  
0.46000000000000024	37.43548123165253	79.68556993001907	  
0.47000000000000025	38.231943363572746	79.60664050000396	  
0.48000000000000026	39.027614041652605	79.52727483712904	  
0.49000000000000027	39.822488860315325	79.4474643065538	  
0.5000000000000002	40.61656332778368	79.36720030314294	  
0.5100000000000002	41.40983286637818	79.28647425169235	  
0.5200000000000002	42.202292812817525	79.20527760715925	  
0.5300000000000002	42.99393841852137	79.12360185489642	  
0.5400000000000003	43.784764849915454	79.04143851089067	  
0.5500000000000003	44.57476718873918	78.95877912200531	  
0.5600000000000003	45.36394043235556	78.87561526622667	  
0.5700000000000003	46.15227949406371	78.79193855291467	  
0.5800000000000003	46.939779203413856	78.70774062305725	  
0.5900000000000003	47.72643430652486	78.62301314952883	  
0.6000000000000003	48.51223946640443	78.53774783735254	  
0.6100000000000003	49.29718926327191	78.45193642396636	  
0.6200000000000003	50.08127819488376	78.36557067949299	  
0.6300000000000003	50.864500676861766	78.2786424070135	  
0.6400000000000003	51.64685104302402	78.19114344284468	  
0.6500000000000004	52.428323545718655	78.10306565681998	  
0.6600000000000004	53.20891235616042	78.01440095257419	  
0.6700000000000004	53.98861156477014	77.92514126783159	  
0.6800000000000004	54.76741518151705	77.83527857469765	  
0.6900000000000004	55.54531713626409	77.74480487995419	  
0.7000000000000004	56.322311279116136	77.65371222535799	  
0.7100000000000004	57.098391380771254	77.56199268794282	  
0.7200000000000004	57.873551132874994	77.46963838032472	  
0.7300000000000004	58.647784148377745	77.37664145101068	  
0.7400000000000004	59.42108396189521	77.28299408471044	  
0.7500000000000004	60.19344403007196	77.18868850265156	  
0.7600000000000005	60.96485773194824	77.09371696289767	  
0.7700000000000005	61.73531836932992	76.99807176066976	  
0.7800000000000005	62.50481916716164	76.90174522867049	  
0.7900000000000005	63.273353273903325	76.8047297374116	  
0.8000000000000005	64.04091376190988	76.70701769554417	  
0.8100000000000005	64.80749362781421	76.60860155019179	  
0.8200000000000005	65.5730857929137	76.5094737872867	  
0.8300000000000005	66.33768310355994	76.40962693190853	  
0.8400000000000005	67.10127833155187	76.30905354862595	  
0.8500000000000005	67.86386417453245	76.20774624184092	  
0.8600000000000005	68.62543325638869	76.10569765613559	  
0.8700000000000006	69.38597812765516	76.0029004766218	  
0.8800000000000006	70.14549126592112	75.89934742929316	  
0.8900000000000006	70.90396507624102	75.79503128137948	  
0.9000000000000006	71.6613918915487	75.68994484170375	  
0.9100000000000006	72.4177639730751	75.58408096104142	  
0.9200000000000006	73.17307351076954	75.47743253248204	  
0.9300000000000006	73.92731262372475	75.36999249179308	  
0.9400000000000006	74.6804733606054	75.26175381778603	  
0.9500000000000006	75.43254770008046	75.1527095326846	  
0.9600000000000006	76.18352755125909	75.042852702495	  
0.9700000000000006	76.93340475413036	74.9321764373783	  
0.9800000000000006	77.68217108000667	74.82067389202473	  
0.9900000000000007	78.42981823197087	74.70833826602981	  
1.0000000000000007	79.17633784532727	74.59516280427253	  
1.0100000000000007	79.92172148805632	74.48114079729511	  
1.0200000000000007	80.66596066127317	74.36626558168462	  
1.0300000000000007	81.40904679969002	74.25053054045625	  
1.0400000000000007	82.1509712720823	74.1339291034382	  
1.0500000000000007	82.89172538175879	74.01645474765807	  
1.0600000000000007	83.63130036703546	73.8981009977308	  
1.0700000000000007	84.3696874017134	73.77886142624797	  
1.0800000000000007	85.10687759556043	73.65872965416862	  
1.0900000000000007	85.84286199479678	73.53769935121116	  
1.1000000000000008	86.57763158258466	73.41576423624666	  
1.1100000000000008	87.31117727952171	73.29291807769327	  
1.1200000000000008	88.04348994413853	73.1691546939118	  
1.1300000000000008	88.77456037339996	73.04446795360226	  
1.1400000000000008	89.50437930321058	72.91885177620146	  
1.1500000000000008	90.232937408924	72.79230013228151	  
1.1600000000000008	90.96022530585621	72.66480704394911	  
1.1700000000000008	91.68623354980298	72.53636658524574	  
1.1800000000000008	92.41095263756112	72.40697288254849	  
1.1900000000000008	93.13437300745395	72.27662011497152	  
1.2000000000000008	93.85648503986056	72.1453025147682	  
1.2100000000000009	94.57727905774931	72.01301436773369	  
1.2200000000000009	95.29674532721523	71.87975001360795	  
1.2300000000000009	96.01487405802148	71.74550384647924	  
1.2400000000000009	96.73165540414482	71.61027031518782	  
1.2500000000000009	97.44707946432523	71.47404392372997	  
1.260000000000001	98.16113628261941	71.33681923166212	  
1.270000000000001	98.87381584895846	71.19859085450516	  
1.280000000000001	99.5851080997095	71.05935346414867	  
1.290000000000001	100.29500291824142	70.91910178925527	  
1.300000000000001	101.0034901354946	70.77783061566471	  
1.310000000000001	101.71055953055472	70.63553478679792	  
1.320000000000001	102.41620083123057	70.49220920406067	  
1.330000000000001	103.12040371463594	70.34784882724702	  
1.340000000000001	103.82315780777552	70.20244867494233	  
1.350000000000001	104.52445268813479	70.05600382492582	  
1.360000000000001	105.22427788427403	69.90850941457258	  
1.370000000000001	105.92262287642625	69.75996064125496	  
1.380000000000001	106.61947709709914	69.61035276274332	  
1.390000000000001	107.31482993168112	69.45968109760597	  
1.400000000000001	108.00867071905127	69.30794102560832	  
1.410000000000001	108.7009887521933	69.15512798811109	  
1.420000000000001	109.39177327881349	69.0012374884676	  
1.430000000000001	110.08101350196264	68.84626509241991	  
1.440000000000001	110.76869858066189	68.69020642849395	  
1.450000000000001	111.45481763053253	68.53305718839334	  
1.460000000000001	112.13935972442977	68.37481312739203	  
1.470000000000001	112.82231389308038	68.21547006472548	  
1.480000000000001	113.50366912572427	68.05502388398055	  
1.490000000000001	114.18341437075998	67.89347053348374	  
1.500000000000001	114.86153853639394	67.73080602668794	  
1.5100000000000011	115.53803049129372	67.56702644255758	  
1.5200000000000011	116.21287906524508	67.40212792595183	  
1.5300000000000011	116.88607304981275	67.23610668800629	  
1.5400000000000011	117.55760119900519	67.06895900651256	  
1.5500000000000012	118.227452229943	66.90068122629596	  
1.5600000000000012	118.89561482353112	66.7312697595912	  
1.5700000000000012	119.56207762513483	66.56072108641594	  
1.5800000000000012	120.22682924525944	66.38903175494214	  
1.5900000000000012	120.88985826023367	66.21619838186517	  
1.6000000000000012	121.55115321289674	66.04221765277056	  
1.6100000000000012	122.21070261328907	65.86708632249834	  
1.6200000000000012	122.8684949393467	65.69080121550489	  
1.6300000000000012	123.52451863759917	65.51335922622219	  
1.6400000000000012	124.17876212387114	65.33475731941448	  
1.6500000000000012	124.83121378398745	65.15499253053213	  
1.6600000000000013	125.48186197448177	64.97406196606273	  
1.6700000000000013	126.1306950233087	64.79196280387934	  
1.6800000000000013	126.77770123055936	64.60869229358569	  
1.6900000000000013	127.42286886918042	64.42424775685846	  
1.7000000000000013	128.06618618569652	64.23862658778637	  
1.7100000000000013	128.70764140093613	64.05182625320612	  
1.7200000000000013	129.34722271076063	63.86384429303502	  
1.7300000000000013	129.9849182867968	63.67467832060039	  
1.7400000000000013	130.62071627717262	63.484326022965405	  
1.7500000000000013	131.2546048072561	63.29278516125154	  
1.7600000000000013	131.88657198039763	63.10005357095741	  
1.7700000000000014	132.51660587867525	62.906129162274006	  
1.7800000000000014	133.14469456364313	62.71100992039616	  
1.7900000000000014	133.77082607708317	62.51469390583024	  
1.8000000000000014	134.39498844175972	62.31717925469799	  
1.8100000000000014	135.01716966217714	62.11846417903637	  
1.8200000000000014	135.63735772534045	61.91854696709348	  
1.8300000000000014	136.255540601519	61.71742598362023	  
1.8400000000000014	136.87170624501283	61.51509967015803	  
1.8500000000000014	137.48584259492213	61.31156654532206	  
1.8600000000000014	138.09793757591927	61.10682520508034	  
1.8700000000000014	138.70797909902376	60.90087432302837	  
1.8800000000000014	139.31595506237986	60.69371265065927	  
1.8900000000000015	139.92185335203695	60.485339017629464	  
1.9000000000000015	140.52566184273243	60.27575233201966	  
1.9100000000000015	141.12736839867733	60.064951580591206	  
1.9200000000000015	141.72696087434426	59.852935829037705	  
1.9300000000000015	142.3244271152581	59.639704222231735	  
1.9400000000000015	142.9197549587889	59.42525598446672	  
1.9500000000000015	143.5129322349474	59.20959041969384	  
1.9600000000000015	144.10394676718278	58.992706911753864	  
1.9700000000000015	144.6927863731825	58.774604924603906	  
1.9800000000000015	145.27943886567488	58.55528400253898	  
1.9900000000000015	145.86389205323331	58.33474377040833	  
2.0000000000000013	146.44613374108306	58.11298393382641	  
2.010000000000001	147.02615173190983	57.89000427937852	  
2.020000000000001	147.6039338266706	57.66580467482096	  
2.0300000000000007	148.17946782540625	57.44038506927566	  
2.0400000000000005	148.75274152805613	57.21374549341927	  
2.0500000000000003	149.32374273527464	56.98588605966651	  
2.06	149.89245924924947	56.75680696234792	  
2.07	150.45887887452162	56.52650847788171	  
2.0799999999999996	151.0229894188071	56.29499096493985	  
2.0899999999999994	151.5847786938204	56.06225486460819	  
2.099999999999999	152.14423451609926	55.82830070054067	  
2.109999999999999	152.7013447078312	55.59312907910742	  
2.1199999999999988	153.2560970976814	55.35674068953681	  
2.1299999999999986	153.80847952162193	55.119136304051324	  
2.1399999999999983	154.35847982376242	54.88031677799724	  
2.149999999999998	154.90608585718186	54.64028304996798	  
2.159999999999998	155.45128548476177	54.39903614192117	  
2.1699999999999977	155.99406658002027	54.15657715928929	  
2.1799999999999975	156.53441702794754	53.91290729108384	  
2.1899999999999973	157.07232472584195	53.66802780999304	  
2.199999999999997	157.6077775841474	53.42194007247294	  
2.209999999999997	158.14076352729143	53.17464551883191	  
2.2199999999999966	158.67127049452407	52.92614567330844	  
2.2299999999999964	159.19928644075762	52.676442144142236	  
2.239999999999996	159.72479933740692	52.42553662363851	  
2.249999999999996	160.2477971732304	52.173430888225454	  
2.259999999999996	160.76826795517144	51.92012679850481	  
2.2699999999999956	161.2861997092005	51.66562629929552	  
2.2799999999999954	161.80158048115737	51.40993141967035	  
2.289999999999995	162.31439833759393	51.15304427298556	  
2.299999999999995	162.8246413666171	50.89496705690339	  
2.3099999999999947	163.332297678732	50.63570205340749	  
2.3199999999999945	163.83735540768524	50.375251628811164	  
2.3299999999999943	164.3398027113082	50.113618233758366	  
2.339999999999994	164.8396277723604	49.85080440321746	  
2.349999999999994	165.33681879937254	49.586812756467666	  
2.3599999999999937	165.83136402748974	49.321645997078136	  
2.3699999999999934	166.3232517193141	49.05530691287969	  
2.3799999999999932	166.81247016574733	48.78779837592909	  
2.389999999999993	167.29900768683268	48.51912334246582	  
2.399999999999993	167.78285263259664	48.249284852861415	  
2.4099999999999926	168.26399338388993	47.97828603156124	  
2.4199999999999924	168.7424183532279	47.70613008701864	  
2.429999999999992	169.2181159856303	47.43282031162155	  
2.439999999999992	169.69107475946032	47.15836008161137	  
2.4499999999999917	170.16128318726254	46.88275285699427	  
2.4599999999999915	170.6287298166002	46.60600218144471	  
2.4699999999999913	171.09340323089143	46.328111682201204	  
2.479999999999991	171.55529205024422	46.0490850699544	  
2.489999999999991	172.0143849322905	45.76892613872729	  
2.4999999999999907	172.47067057301877	45.4876387657476	  
2.5099999999999905	172.92413770760547	45.20522691131239	  
2.5199999999999902	173.37477511124501	44.92169461864471	  
2.52999999999999	173.82257159997835	44.6370460137424	  
2.53999999999999	174.26751603151985	44.35128530521896	  
2.5499999999999896	174.7095973060827	44.06441678413646	  
2.5599999999999894	175.14880436720256	43.77644482383055	  
2.569999999999989	175.5851262025593	43.487373879727414	  
2.579999999999989	176.01855184479712	43.19720848915278	  
2.5899999999999888	176.44907037234236	42.9059532711329	  
2.5999999999999885	176.87667091021976	42.61361292618753	  
2.6099999999999883	177.30134263086612	42.32019223611481	  
2.619999999999988	177.72307475494205	42.02569606376819	  
2.629999999999988	178.14185655214146	41.73012935282516	  
2.6399999999999877	178.55767734199856	41.433497127548044	  
2.6499999999999875	178.97052649469242	41.135804492536636	  
2.6599999999999873	179.38039343184928	40.83705663247274	  
2.669999999999987	179.7872676273419	40.53725881185667	  
2.679999999999987	180.19113860808642	40.236416374735605	  
2.6899999999999866	180.5919959548366	39.93453474442388	  
2.6999999999999864	180.9898293029749	39.63161942321512	  
2.709999999999986	181.3846283433009	39.32767599208634	  
2.719999999999986	181.77638282281663	39.02271011039388	  
2.7299999999999858	182.1650825455088	38.716727515561274	  
2.7399999999999856	182.55071737312787	38.409734022759025	  
2.7499999999999853	182.93327722596396	38.101735524576256	  
2.759999999999985	183.3127520836194	37.79273799068431	  
2.769999999999985	183.68913198577766	37.48274746749224	  
2.7799999999999847	184.06240703296925	37.171770077794264	  
2.7899999999999845	184.43256738733356	36.85981202040912	  
2.7999999999999843	184.79960327337744	36.546879569811416	  
2.809999999999984	185.1635049787298	36.2329790757549	  
2.819999999999984	185.52426285489256	35.91811696288774	  
2.8299999999999836	185.88186731798757	35.60229973035979	  
2.8399999999999834	186.23630884949975	35.28553395142188	  
2.849999999999983	186.587577997016	34.96782627301712	  
2.859999999999983	186.9356653749601	34.64918341536422	  
2.869999999999983	187.28056166532332	34.32961217153298	  
2.8799999999999826	187.6222576183908	34.00911940701177	  
2.8899999999999824	187.96074405346357	33.687712059267184	  
2.899999999999982	188.29601185957614	33.36539713729584	  
2.909999999999982	188.62805199620948	33.04218172116829	  
2.9199999999999817	188.9568554939995	32.71807296156523	  
2.9299999999999815	189.2824134554408	32.393078079305816	  
2.9399999999999813	189.60471705558564	32.06720436486835	  
2.949999999999981	189.92375754273817	31.740459177903194	  
2.959999999999981	190.23952623914371	31.412849946737992	  
2.9699999999999807	190.55201454167295	31.084384167875317	  
2.9799999999999804	190.86121392250124	30.75506940548265	  
2.9899999999999802	191.16711592978263	30.424913290874823	  
2.99999999999998	191.46971218831874	30.09392352198893	  
3.00999999999998	191.7689944002224	29.762107862851742	  
3.0199999999999796	192.06495434557579	29.42947414303968	  
3.0299999999999794	192.3575838830832	29.096030257131385	  
3.039999999999979	192.64687495071843	28.76178416415293	  
3.049999999999979	192.93281956636628	28.426743887015718	  
3.0599999999999787	193.21540982845875	28.090917511947108	  
3.0699999999999785	193.49463791660523	27.754313187913837	  
3.0799999999999783	193.77049609221703	27.416939126038255	  
3.089999999999978	194.042976699126	27.07880359900746	  
3.099999999999978	194.3120721641972	26.739914940475373	  
3.1099999999999777	194.5777749979355	26.400281544457762	  
3.1199999999999775	194.84007779508633	26.05991186472037	  
3.1299999999999772	195.09897323522992	25.71881441416009	  
3.139999999999977	195.35445408336955	25.376997764179336	  
3.149999999999977	195.6065131905135	25.034470544053605	  
3.1599999999999766	195.85514349425063	24.69124144029233	  
3.1699999999999764	196.10033801931937	24.34731919599307	  
3.179999999999976	196.3420898781705	24.002712610189086	  
3.189999999999976	196.58039227152315	23.657430537190404	  
3.1999999999999758	196.8152384889143	23.31148188591839	  
3.2099999999999755	197.0466219092415	22.96487561923393	  
3.2199999999999753	197.27453600129897	22.617620753259263	  
3.229999999999975	197.4989743243067	22.269726356693575	  
3.239999999999975	197.71993052843283	21.92120155012234	  
3.2499999999999747	197.9373983553091	21.57205550532059	  
3.2599999999999745	198.15137163853922	21.222297444550108	  
3.2699999999999743	198.3618443042001	20.871936639850613	  
3.279999999999974	198.56881037133624	20.520982412325097	  
3.289999999999974	198.77226395244662	20.169444131419265	  
3.2999999999999736	198.97219925396462	19.817331214195278	  
3.3099999999999734	199.16861057673052	19.464653124599774	  
3.319999999999973	199.3614923164566	19.111419372726314	  
3.329999999999973	199.55083896418503	18.75763951407231	  
3.3399999999999728	199.73664510673805	18.40332314879051	  
3.3499999999999726	199.91890542716084	18.048479920935122	  
3.3599999999999723	200.09761470515676	17.69311951770269	  
3.369999999999972	200.2727678175149	17.337251668667758	  
3.379999999999972	200.44435973853012	16.98088614501343	  
3.3899999999999717	200.61238554041518	16.624032758756943	  
3.3999999999999715	200.77684039370527	16.266701361970284	  
3.4099999999999713	200.9377195676546	15.908901845995972	  
3.419999999999971	201.0950184306252	15.550644140658097	  
3.429999999999971	201.24873245046777	15.191938213468685	  
3.4399999999999706	201.3988571948946	14.832794068829504	  
3.4499999999999704	201.54538833184438	14.473221747229381	  
3.45999999999997	201.68832162983918	14.11323132443714	  
3.46999999999997	201.82765295833312	13.752832910690238	  
3.47999999999997	201.96337828805298	13.392036649879214	  
3.4899999999999696	202.0954936913307	13.030852718728028	  
3.4999999999999694	202.22399534242754	12.66929132597039	  
3.509999999999969	202.3488795178501	12.307362711522181	  
3.519999999999969	202.47014259665798	11.94507714565007	  
3.5299999999999687	202.5877810607631	11.582444928136395	  
3.5399999999999685	202.7017914952207	11.219476387440453	  
3.5499999999999683	202.81217058851192	10.856181879856253	  
3.559999999999968	202.91891513281783	10.492571788666867	  
3.569999999999968	203.02202202428523	10.12865652329546	  
3.5799999999999677	203.12148826328374	9.764446518453111	  
3.5899999999999674	203.2173109546543	9.399952233283521	  
3.5999999999999672	203.30948730794938	9.035184150504715	  
3.609999999999967	203.39801463766437	8.670152775547841	  
3.619999999999967	203.48289036346034	8.304868635693166	  
3.6299999999999666	203.56411201037824	7.939342279203383	  
3.6399999999999664	203.64167720904442	7.573584274454324	  
3.649999999999966	203.71558369586734	7.20760520906319	  
3.659999999999966	203.7858293132257	6.8414156890144096	  
3.6699999999999657	203.85241200964762	6.475026337783218	  
3.6799999999999655	203.91532983998135	6.108447795457078	  
3.6899999999999653	203.97458096555678	5.741690717855046	  
3.699999999999965	204.03016365433845	5.374765775645188	  
3.709999999999965	204.08207628106967	5.007683653460158	  
3.7199999999999647	204.13031732740765	4.640455049011045	  
3.7299999999999645	204.1748853820499	4.273090672199601	  
3.7399999999999642	204.21577914085165	3.9056012442289534	  
3.749999999999964	204.25299740693447	3.5379974967129235	  
3.759999999999964	204.2865390907859	3.1702901707840434	  
3.7699999999999636	204.31640321035016	2.8024900162003985	  
3.7799999999999634	204.34258889110993	2.434607790451396	  
3.789999999999963	204.3650953661592	2.066654257862576	  
3.799999999999963	204.3839219762672	1.6986401886995701	  
3.8099999999999627	204.3990681699332	1.3305763582713261	  
3.8199999999999625	204.41053350343262	0.9624735460327025	  
3.8299999999999623	204.41831764085384	0.5943425346865505	  
3.839999999999962	204.42242035412633	0.22619410928539102	  
