t 	 x 	 v
0.0	0.0	83.0	  
0.01	0.82965665	82.93133	  
0.02	1.6586266	82.86266	  
0.03	2.48690985	82.79399000000001	  
0.04	3.3145064	82.72532000000001	  
0.05	4.14141625	82.65665000000001	  
0.060000000000000005	4.9676393999999995	82.58798000000002	  
0.07	5.79317585	82.51931000000002	  
0.08	6.6180256	82.45064000000002	  
0.09	7.44218865	82.38197000000002	  
0.09999999999999999	8.265665	82.31330000000003	  
0.10999999999999999	9.088454650000001	82.24463000000003	  
0.11999999999999998	9.9105576	82.17596000000003	  
0.12999999999999998	10.731973850000001	82.10729000000003	  
0.13999999999999999	11.552703400000002	82.03862000000004	  
0.15	12.372746250000002	81.96995000000004	  
0.16	13.192102400000003	81.90128000000004	  
0.17	14.010771850000003	81.83261000000005	  
0.18000000000000002	14.828754600000003	81.76394000000005	  
0.19000000000000003	15.646050650000005	81.69527000000005	  
0.20000000000000004	16.462660000000007	81.62660000000005	  
0.21000000000000005	17.278582650000008	81.55793000000006	  
0.22000000000000006	18.09381860000001	81.48926000000006	  
0.23000000000000007	18.908367850000012	81.42059000000006	  
0.24000000000000007	19.72223040000001	81.35192000000006	  
0.25000000000000006	20.535406250000012	81.28325000000007	  
0.26000000000000006	21.347895400000013	81.21458000000007	  
0.2700000000000001	22.159697850000015	81.14591000000007	  
0.2800000000000001	22.970813600000014	81.07724000000007	  
0.2900000000000001	23.781242650000014	81.00857000000008	  
0.3000000000000001	24.590985000000014	80.93990000000008	  
0.3100000000000001	25.400040650000015	80.87123000000008	  
0.3200000000000001	26.208409600000017	80.80256000000008	  
0.3300000000000001	27.016091850000016	80.73389000000009	  
0.34000000000000014	27.823087400000016	80.66522000000009	  
0.35000000000000014	28.629396250000017	80.5965500000001	  
0.36000000000000015	29.43501840000002	80.5278800000001	  
0.37000000000000016	30.23995385000002	80.4592100000001	  
0.38000000000000017	31.04420260000002	80.3905400000001	  
0.3900000000000002	31.84776465000002	80.3218700000001	  
0.4000000000000002	32.650640000000024	80.2532000000001	  
0.4100000000000002	33.45282865000002	80.18453000000011	  
0.4200000000000002	34.254330600000024	80.11586000000011	  
0.4300000000000002	35.055145850000024	80.04719000000011	  
0.4400000000000002	35.85527440000003	79.97852000000012	  
0.45000000000000023	36.65471625000003	79.90985000000012	  
0.46000000000000024	37.453471400000026	79.84118000000012	  
0.47000000000000025	38.25153985000003	79.77251000000012	  
0.48000000000000026	39.04892160000003	79.70384000000013	  
0.49000000000000027	39.84561665000003	79.63517000000013	  
0.5000000000000002	40.64162500000003	79.56650000000013	  
0.5100000000000002	41.43694665000003	79.49783000000014	  
0.5200000000000002	42.231581600000034	79.42916000000014	  
0.5300000000000002	43.025529850000034	79.36049000000014	  
0.5400000000000003	43.81879140000004	79.29182000000014	  
0.5500000000000003	44.61136625000004	79.22315000000015	  
0.5600000000000003	45.40325440000004	79.15448000000015	  
0.5700000000000003	46.19445585000004	79.08581000000015	  
0.5800000000000003	46.98497060000004	79.01714000000015	  
0.5900000000000003	47.774798650000044	78.94847000000016	  
0.6000000000000003	48.563940000000045	78.87980000000016	  
0.6100000000000003	49.35239465000004	78.81113000000016	  
0.6200000000000003	50.140162600000046	78.74246000000016	  
0.6300000000000003	50.927243850000046	78.67379000000017	  
0.6400000000000003	51.71363840000005	78.60512000000017	  
0.6500000000000004	52.49934625000005	78.53645000000017	  
0.6600000000000004	53.28436740000005	78.46778000000018	  
0.6700000000000004	54.06870185000005	78.39911000000018	  
0.6800000000000004	54.85234960000005	78.33044000000018	  
0.6900000000000004	55.63531065000006	78.26177000000018	  
0.7000000000000004	56.41758500000006	78.19310000000019	  
0.7100000000000004	57.19917265000006	78.12443000000019	  
0.7200000000000004	57.98007360000006	78.05576000000019	  
0.7300000000000004	58.76028785000006	77.9870900000002	  
0.7400000000000004	59.539815400000066	77.9184200000002	  
0.7500000000000004	60.31865625000007	77.8497500000002	  
0.7600000000000005	61.09681040000007	77.7810800000002	  
0.7700000000000005	61.87427785000007	77.7124100000002	  
0.7800000000000005	62.65105860000007	77.64374000000021	  
0.7900000000000005	63.427152650000075	77.57507000000021	  
0.8000000000000005	64.20256000000008	77.50640000000021	  
0.8100000000000005	64.97728065000008	77.43773000000022	  
0.8200000000000005	65.75131460000009	77.36906000000022	  
0.8300000000000005	66.52466185000009	77.30039000000022	  
0.8400000000000005	67.29732240000008	77.23172000000022	  
0.8500000000000005	68.0692962500001	77.16305000000023	  
0.8600000000000005	68.8405834000001	77.09438000000023	  
0.8700000000000006	69.6111838500001	77.02571000000023	  
0.8800000000000006	70.3810976000001	76.95704000000023	  
0.8900000000000006	71.1503246500001	76.88837000000024	  
0.9000000000000006	71.91886500000011	76.81970000000024	  
0.9100000000000006	72.68671865000012	76.75103000000024	  
0.9200000000000006	73.45388560000012	76.68236000000024	  
0.9300000000000006	74.22036585000012	76.61369000000025	  
0.9400000000000006	74.98615940000012	76.54502000000025	  
0.9500000000000006	75.75126625000013	76.47635000000025	  
0.9600000000000006	76.51568640000013	76.40768000000025	  
0.9700000000000006	77.27941985000014	76.33901000000026	  
0.9800000000000006	78.04246660000014	76.27034000000026	  
0.9900000000000007	78.80482665000014	76.20167000000026	  
1.0000000000000007	79.56650000000015	76.13300000000027	  
1.0100000000000007	80.32748665000015	76.06433000000027	  
1.0200000000000007	81.08778660000016	75.99566000000027	  
1.0300000000000007	81.84739985000016	75.92699000000027	  
1.0400000000000007	82.60632640000016	75.85832000000028	  
1.0500000000000007	83.36456625000017	75.78965000000028	  
1.0600000000000007	84.12211940000017	75.72098000000028	  
1.0700000000000007	84.87898585000018	75.65231000000028	  
1.0800000000000007	85.63516560000018	75.58364000000029	  
1.0900000000000007	86.39065865000018	75.51497000000029	  
1.1000000000000008	87.14546500000019	75.44630000000029	  
1.1100000000000008	87.8995846500002	75.3776300000003	  
1.1200000000000008	88.6530176000002	75.3089600000003	  
1.1300000000000008	89.4057638500002	75.2402900000003	  
1.1400000000000008	90.1578234000002	75.1716200000003	  
1.1500000000000008	90.9091962500002	75.1029500000003	  
1.1600000000000008	91.65988240000021	75.03428000000031	  
1.1700000000000008	92.40988185000022	74.96561000000031	  
1.1800000000000008	93.15919460000022	74.89694000000031	  
1.1900000000000008	93.90782065000022	74.82827000000032	  
1.2000000000000008	94.65576000000023	74.75960000000032	  
1.2100000000000009	95.40301265000024	74.69093000000032	  
1.2200000000000009	96.14957860000024	74.62226000000032	  
1.2300000000000009	96.89545785000024	74.55359000000033	  
1.2400000000000009	97.64065040000024	74.48492000000033	  
1.2500000000000009	98.38515625000025	74.41625000000033	  
1.260000000000001	99.12897540000026	74.34758000000033	  
1.270000000000001	99.87210785000026	74.27891000000034	  
1.280000000000001	100.61455360000026	74.21024000000034	  
1.290000000000001	101.35631265000026	74.14157000000034	  
1.300000000000001	102.09738500000027	74.07290000000035	  
1.310000000000001	102.83777065000028	74.00423000000035	  
1.320000000000001	103.57746960000028	73.93556000000035	  
1.330000000000001	104.31648185000029	73.86689000000035	  
1.340000000000001	105.05480740000029	73.79822000000036	  
1.350000000000001	105.7924462500003	73.72955000000036	  
1.360000000000001	106.5293984000003	73.66088000000036	  
1.370000000000001	107.26566385000031	73.59221000000036	  
1.380000000000001	108.00124260000031	73.52354000000037	  
1.390000000000001	108.73613465000031	73.45487000000037	  
1.400000000000001	109.47034000000032	73.38620000000037	  
1.410000000000001	110.20385865000033	73.31753000000037	  
1.420000000000001	110.93669060000033	73.24886000000038	  
1.430000000000001	111.66883585000033	73.18019000000038	  
1.440000000000001	112.40029440000033	73.11152000000038	  
1.450000000000001	113.13106625000034	73.04285000000039	  
1.460000000000001	113.86115140000035	72.97418000000039	  
1.470000000000001	114.59054985000036	72.90551000000039	  
1.480000000000001	115.31926160000036	72.8368400000004	  
1.490000000000001	116.04728665000036	72.7681700000004	  
1.500000000000001	116.77462500000037	72.6995000000004	  
1.5100000000000011	117.50127665000038	72.6308300000004	  
1.5200000000000011	118.22724160000038	72.5621600000004	  
1.5300000000000011	118.95251985000039	72.4934900000004	  
1.5400000000000011	119.67711140000038	72.42482000000041	  
1.5500000000000012	120.4010162500004	72.35615000000041	  
1.5600000000000012	121.1242344000004	72.28748000000041	  
1.5700000000000012	121.84676585000041	72.21881000000042	  
1.5800000000000012	122.56861060000041	72.15014000000042	  
1.5900000000000012	123.28976865000041	72.08147000000042	  
1.6000000000000012	124.01024000000042	72.01280000000042	  
1.6100000000000012	124.73002465000043	71.94413000000043	  
1.6200000000000012	125.44912260000044	71.87546000000043	  
1.6300000000000012	126.16753385000044	71.80679000000043	  
1.6400000000000012	126.88525840000044	71.73812000000044	  
1.6500000000000012	127.60229625000045	71.66945000000044	  
1.6600000000000013	128.31864740000046	71.60078000000044	  
1.6700000000000013	129.03431185000045	71.53211000000044	  
1.6800000000000013	129.74928960000045	71.46344000000045	  
1.6900000000000013	130.46358065000047	71.39477000000045	  
1.7000000000000013	131.17718500000046	71.32610000000045	  
1.7100000000000013	131.89010265000047	71.25743000000045	  
1.7200000000000013	132.60233360000046	71.18876000000046	  
1.7300000000000013	133.31387785000047	71.12009000000046	  
1.7400000000000013	134.02473540000048	71.05142000000046	  
1.7500000000000013	134.73490625000048	70.98275000000046	  
1.7600000000000013	135.4443904000005	70.91408000000047	  
1.7700000000000014	136.15318785000048	70.84541000000047	  
1.7800000000000014	136.86129860000048	70.77674000000047	  
1.7900000000000014	137.5687226500005	70.70807000000048	  
1.8000000000000014	138.2754600000005	70.63940000000048	  
1.8100000000000014	138.9815106500005	70.57073000000048	  
1.8200000000000014	139.6868746000005	70.50206000000048	  
1.8300000000000014	140.3915518500005	70.43339000000049	  
1.8400000000000014	141.0955424000005	70.36472000000049	  
1.8500000000000014	141.7988462500005	70.29605000000049	  
1.8600000000000014	142.50146340000052	70.2273800000005	  
1.8700000000000014	143.2033938500005	70.1587100000005	  
1.8800000000000014	143.9046376000005	70.0900400000005	  
1.8900000000000015	144.60519465000053	70.0213700000005	  
1.9000000000000015	145.30506500000052	69.9527000000005	  
1.9100000000000015	146.00424865000053	69.88403000000051	  
1.9200000000000015	146.70274560000053	69.81536000000051	  
1.9300000000000015	147.40055585000053	69.74669000000051	  
1.9400000000000015	148.09767940000054	69.67802000000052	  
1.9500000000000015	148.79411625000054	69.60935000000052	  
1.9600000000000015	149.48986640000055	69.54068000000052	  
1.9700000000000015	150.18492985000054	69.47201000000052	  
1.9800000000000015	150.87930660000055	69.40334000000053	  
1.9900000000000015	151.57299665000056	69.33467000000053	  
2.0000000000000013	152.26600000000056	69.26600000000053	  
2.010000000000001	152.95831665000057	69.19733000000053	  
2.020000000000001	153.64994660000056	69.12866000000054	  
2.0300000000000007	154.34088985000056	69.05999000000054	  
2.0400000000000005	155.03114640000058	68.99132000000054	  
2.0500000000000003	155.72071625000058	68.92265000000054	  
2.06	156.4095994000006	68.85398000000055	  
2.07	157.09779585000058	68.78531000000055	  
2.0799999999999996	157.78530560000058	68.71664000000055	  
2.0899999999999994	158.4721286500006	68.64797000000056	  
2.099999999999999	159.1582650000006	68.57930000000056	  
2.109999999999999	159.8437146500006	68.51063000000056	  
2.1199999999999988	160.5284776000006	68.44196000000056	  
2.1299999999999986	161.2125538500006	68.37329000000057	  
2.1399999999999983	161.89594340000062	68.30462000000057	  
2.149999999999998	162.57864625000062	68.23595000000057	  
2.159999999999998	163.26066240000063	68.16728000000057	  
2.1699999999999977	163.94199185000062	68.09861000000058	  
2.1799999999999975	164.62263460000062	68.02994000000058	  
2.1899999999999973	165.30259065000064	67.96127000000058	  
2.199999999999997	165.98186000000064	67.89260000000058	  
2.209999999999997	166.66044265000065	67.82393000000059	  
2.2199999999999966	167.33833860000064	67.75526000000059	  
2.2299999999999964	168.01554785000064	67.68659000000059	  
2.239999999999996	168.69207040000066	67.6179200000006	  
2.249999999999996	169.36790625000066	67.5492500000006	  
2.259999999999996	170.04305540000067	67.4805800000006	  
2.2699999999999956	170.71751785000066	67.4119100000006	  
2.2799999999999954	171.39129360000067	67.3432400000006	  
2.289999999999995	172.06438265000068	67.27457000000061	  
2.299999999999995	172.73678500000068	67.20590000000061	  
2.3099999999999947	173.4085006500007	67.13723000000061	  
2.3199999999999945	174.07952960000068	67.06856000000062	  
2.3299999999999943	174.7498718500007	66.99989000000062	  
2.339999999999994	175.4195274000007	66.93122000000062	  
2.349999999999994	176.0884962500007	66.86255000000062	  
2.3599999999999937	176.7567784000007	66.79388000000063	  
2.3699999999999934	177.4243738500007	66.72521000000063	  
2.3799999999999932	178.0912826000007	66.65654000000063	  
2.389999999999993	178.75750465000073	66.58787000000063	  
2.399999999999993	179.42304000000073	66.51920000000064	  
2.4099999999999926	180.08788865000074	66.45053000000064	  
2.4199999999999924	180.75205060000073	66.38186000000064	  
2.429999999999992	181.41552585000073	66.31319000000065	  
2.439999999999992	182.07831440000075	66.24452000000065	  
2.4499999999999917	182.74041625000075	66.17585000000065	  
2.4599999999999915	183.40183140000076	66.10718000000065	  
2.4699999999999913	184.06255985000075	66.03851000000066	  
2.479999999999991	184.72260160000076	65.96984000000066	  
2.489999999999991	185.38195665000077	65.90117000000066	  
2.4999999999999907	186.04062500000077	65.83250000000066	  
2.5099999999999905	186.69860665000078	65.76383000000067	  
2.5199999999999902	187.35590160000078	65.69516000000067	  
2.52999999999999	188.01250985000078	65.62649000000067	  
2.53999999999999	188.6684314000008	65.55782000000067	  
2.5499999999999896	189.3236662500008	65.48915000000068	  
2.5599999999999894	189.9782144000008	65.42048000000068	  
2.569999999999989	190.6320758500008	65.35181000000068	  
2.579999999999989	191.2852506000008	65.28314000000069	  
2.5899999999999888	191.93773865000082	65.21447000000069	  
2.5999999999999885	192.58954000000082	65.14580000000069	  
2.6099999999999883	193.24065465000083	65.0771300000007	  
2.619999999999988	193.89108260000083	65.0084600000007	  
2.629999999999988	194.54082385000083	64.9397900000007	  
2.6399999999999877	195.18987840000085	64.8711200000007	  
2.6499999999999875	195.83824625000085	64.8024500000007	  
2.6599999999999873	196.48592740000086	64.7337800000007	  
2.669999999999987	197.13292185000086	64.66511000000071	  
2.679999999999987	197.77922960000086	64.59644000000071	  
2.6899999999999866	198.42485065000088	64.52777000000071	  
2.6999999999999864	199.06978500000088	64.45910000000072	  
2.709999999999986	199.7140326500009	64.39043000000072	  
2.719999999999986	200.35759360000088	64.32176000000072	  
2.7299999999999858	201.0004678500009	64.25309000000073	  
2.7399999999999856	201.6426554000009	64.18442000000073	  
2.7499999999999853	202.2841562500009	64.11575000000073	  
2.759999999999985	202.92497040000092	64.04708000000073	  
2.769999999999985	203.5650978500009	63.978410000000736	  
2.7799999999999847	204.20453860000092	63.90974000000074	  
2.7899999999999845	204.84329265000093	63.84107000000074	  
2.7999999999999843	205.48136000000093	63.772400000000744	  
2.809999999999984	206.11874065000094	63.703730000000746	  
2.819999999999984	206.75543460000094	63.63506000000075	  
2.8299999999999836	207.39144185000094	63.56639000000075	  
2.8399999999999834	208.02676240000096	63.497720000000754	  
2.849999999999983	208.66139625000096	63.42905000000076	  
2.859999999999983	209.29534340000097	63.36038000000076	  
2.869999999999983	209.92860385000097	63.29171000000076	  
2.8799999999999826	210.56117760000097	63.223040000000765	  
2.8899999999999824	211.193064650001	63.15437000000077	  
2.899999999999982	211.824265000001	63.08570000000077	  
2.909999999999982	212.454778650001	63.01703000000077	  
2.9199999999999817	213.084605600001	62.948360000000775	  
2.9299999999999815	213.713745850001	62.87969000000078	  
2.9399999999999813	214.34219940000102	62.81102000000078	  
2.949999999999981	214.96996625000102	62.74235000000078	  
2.959999999999981	215.59704640000103	62.673680000000786	  
2.9699999999999807	216.22343985000103	62.60501000000079	  
2.9799999999999804	216.84914660000103	62.53634000000079	  
2.9899999999999802	217.47416665000105	62.467670000000794	  
2.99999999999998	218.09850000000105	62.3990000000008	  
3.00999999999998	218.72214665000106	62.3303300000008	  
3.0199999999999796	219.34510660000106	62.2616600000008	  
3.0299999999999794	219.96737985000107	62.192990000000805	  
3.039999999999979	220.58896640000108	62.12432000000081	  
3.049999999999979	221.20986625000108	62.05565000000081	  
3.0599999999999787	221.8300794000011	61.98698000000081	  
3.0699999999999785	222.4496058500011	61.918310000000815	  
3.0799999999999783	223.0684456000011	61.84964000000082	  
3.089999999999978	223.68659865000112	61.78097000000082	  
3.099999999999978	224.30406500000112	61.71230000000082	  
3.1099999999999777	224.92084465000113	61.643630000000826	  
3.1199999999999775	225.53693760000112	61.57496000000083	  
3.1299999999999772	226.15234385000113	61.50629000000083	  
3.139999999999977	226.76706340000115	61.437620000000834	  
3.149999999999977	227.38109625000115	61.36895000000084	  
3.1599999999999766	227.99444240000116	61.30028000000084	  
3.1699999999999764	228.60710185000116	61.23161000000084	  
3.179999999999976	229.21907460000116	61.162940000000845	  
3.189999999999976	229.83036065000118	61.09427000000085	  
3.1999999999999758	230.44096000000118	61.02560000000085	  
3.2099999999999755	231.0508726500012	60.95693000000085	  
3.2199999999999753	231.6600986000012	60.888260000000855	  
3.229999999999975	232.2686378500012	60.81959000000086	  
3.239999999999975	232.87649040000122	60.75092000000086	  
3.2499999999999747	233.48365625000122	60.68225000000086	  
3.2599999999999745	234.09013540000123	60.613580000000866	  
3.2699999999999743	234.69592785000123	60.54491000000087	  
3.279999999999974	235.30103360000123	60.47624000000087	  
3.289999999999974	235.90545265000125	60.407570000000874	  
3.2999999999999736	236.50918500000125	60.338900000000876	  
3.3099999999999734	237.11223065000127	60.27023000000088	  
3.319999999999973	237.71458960000126	60.20156000000088	  
3.329999999999973	238.31626185000127	60.132890000000884	  
3.3399999999999728	238.9172474000013	60.06422000000089	  
3.3499999999999726	239.5175462500013	59.99555000000089	  
3.3599999999999723	240.1171584000013	59.92688000000089	  
3.369999999999972	240.7160838500013	59.858210000000895	  
3.379999999999972	241.3143226000013	59.7895400000009	  
3.3899999999999717	241.91187465000132	59.7208700000009	  
3.3999999999999715	242.50874000000132	59.6522000000009	  
3.4099999999999713	243.10491865000134	59.583530000000906	  
3.419999999999971	243.70041060000133	59.51486000000091	  
3.429999999999971	244.29521585000134	59.44619000000091	  
3.4399999999999706	244.88933440000136	59.377520000000914	  
3.4499999999999704	245.48276625000136	59.308850000000916	  
3.45999999999997	246.07551140000137	59.24018000000092	  
3.46999999999997	246.66756985000137	59.17151000000092	  
3.47999999999997	247.25894160000138	59.102840000000924	  
3.4899999999999696	247.8496266500014	59.03417000000093	  
3.4999999999999694	248.4396250000014	58.96550000000093	  
3.509999999999969	249.0289366500014	58.89683000000093	  
3.519999999999969	249.6175616000014	58.828160000000935	  
3.5299999999999687	250.20549985000142	58.75949000000094	  
3.5399999999999685	250.79275140000144	58.69082000000094	  
3.5499999999999683	251.37931625000144	58.62215000000094	  
3.559999999999968	251.96519440000145	58.553480000000945	  
3.569999999999968	252.55038585000145	58.48481000000095	  
3.5799999999999677	253.13489060000146	58.41614000000095	  
3.5899999999999674	253.71870865000147	58.34747000000095	  
3.5999999999999672	254.30184000000148	58.278800000000956	  
3.609999999999967	254.8842846500015	58.21013000000096	  
3.619999999999967	255.4660426000015	58.14146000000096	  
3.6299999999999666	256.0471138500015	58.072790000000964	  
3.6399999999999664	256.6274984000015	58.00412000000097	  
3.649999999999966	257.2071962500015	57.93545000000097	  
3.659999999999966	257.7862074000015	57.86678000000097	  
3.6699999999999657	258.3645318500015	57.798110000000975	  
3.6799999999999655	258.94216960000153	57.72944000000098	  
3.6899999999999653	259.5191206500015	57.66077000000098	  
3.699999999999965	260.09538500000156	57.59210000000098	  
3.709999999999965	260.67096265000157	57.523430000000985	  
3.7199999999999647	261.24585360000157	57.45476000000099	  
3.7299999999999645	261.8200578500016	57.38609000000099	  
3.7399999999999642	262.3935754000016	57.31742000000099	  
3.749999999999964	262.9664062500016	57.248750000000996	  
3.759999999999964	263.5385504000016	57.180080000001	  
3.7699999999999636	264.11000785000164	57.111410000001	  
3.7799999999999634	264.68077860000164	57.042740000001004	  
3.789999999999963	265.25086265000164	56.97407000000101	  
3.799999999999963	265.82026000000167	56.90540000000101	  
3.8099999999999627	266.3889706500017	56.83673000000101	  
3.8199999999999625	266.9569946000017	56.768060000001014	  
3.8299999999999623	267.5243318500017	56.69939000000102	  
3.839999999999962	268.09098240000174	56.63072000000102	  
3.849999999999962	268.65694625000174	56.56205000000102	  
3.8599999999999617	269.2222234000017	56.493380000001025	  
3.8699999999999615	269.78681385000175	56.42471000000103	  
3.8799999999999613	270.35071760000176	56.35604000000103	  
3.889999999999961	270.91393465000175	56.28737000000103	  
3.899999999999961	271.4764650000018	56.218700000001036	  
3.9099999999999606	272.0383086500018	56.15003000000104	  
3.9199999999999604	272.5994656000018	56.08136000000104	  
3.92999999999996	273.15993585000183	56.012690000001044	  
3.93999999999996	273.71971940000185	55.944020000001046	  
3.9499999999999598	274.27881625000185	55.87535000000105	  
3.9599999999999596	274.83722640000184	55.80668000000105	  
3.9699999999999593	275.39494985000186	55.738010000001054	  
3.979999999999959	275.9519866000019	55.66934000000106	  
3.989999999999959	276.50833665000187	55.60067000000106	  
3.9999999999999587	277.0640000000019	55.53200000000106	  
4.009999999999959	277.6189766500019	55.463330000001065	  
4.019999999999959	278.1732666000019	55.39466000000107	  
4.0299999999999585	278.72686985000195	55.32599000000107	  
4.039999999999958	279.27978640000197	55.25732000000107	  
4.049999999999958	279.83201625000197	55.188650000001076	  
4.059999999999958	280.38355940000196	55.11998000000108	  
4.069999999999958	280.934415850002	55.05131000000108	  
4.079999999999957	281.484585600002	54.98264000000108	  
4.089999999999957	282.034068650002	54.913970000001086	  
4.099999999999957	282.582865000002	54.84530000000109	  
4.109999999999957	283.13097465000203	54.77663000000109	  
4.119999999999957	283.67839760000203	54.707960000001094	  
4.129999999999956	284.22513385000207	54.6392900000011	  
4.139999999999956	284.7711834000021	54.5706200000011	  
4.149999999999956	285.3165462500021	54.5019500000011	  
4.159999999999956	285.8612224000021	54.433280000001105	  
4.1699999999999555	286.4052118500021	54.36461000000111	  
4.179999999999955	286.9485146000021	54.29594000000111	  
4.189999999999955	287.4911306500021	54.22727000000111	  
4.199999999999955	288.03306000000214	54.158600000001115	  
4.209999999999955	288.57430265000215	54.08993000000112	  
4.2199999999999545	289.11485860000215	54.02126000000112	  
4.229999999999954	289.6547278500022	53.95259000000112	  
4.239999999999954	290.1939104000022	53.883920000001126	  
4.249999999999954	290.7324062500022	53.81525000000113	  
4.259999999999954	291.2702154000022	53.74658000000113	  
4.269999999999953	291.8073378500022	53.677910000001134	  
4.279999999999953	292.34377360000224	53.60924000000114	  
4.289999999999953	292.87952265000223	53.54057000000114	  
4.299999999999953	293.41458500000226	53.47190000000114	  
4.3099999999999525	293.9489606500023	53.403230000001145	  
4.319999999999952	294.4826496000023	53.33456000000115	  
4.329999999999952	295.0156518500023	53.26589000000115	  
4.339999999999952	295.54796740000234	53.19722000000115	  
4.349999999999952	296.07959625000234	53.128550000001155	  
4.3599999999999515	296.6105384000023	53.05988000000116	  
4.369999999999951	297.14079385000235	52.99121000000116	  
4.379999999999951	297.67036260000236	52.92254000000116	  
4.389999999999951	298.19924465000236	52.853870000001166	  
4.399999999999951	298.7274400000024	52.78520000000117	  
4.40999999999995	299.2549486500024	52.71653000000117	  
4.41999999999995	299.7817706000024	52.647860000001174	  
4.42999999999995	300.30790585000244	52.57919000000118	  
4.43999999999995	300.83335440000246	52.51052000000118	  
4.4499999999999496	301.35811625000247	52.44185000000118	  
4.459999999999949	301.88219140000245	52.373180000001184	  
4.469999999999949	302.4055798500025	52.30451000000119	  
4.479999999999949	302.9282816000025	52.23584000000119	  
4.489999999999949	303.4502966500025	52.16717000000119	  
4.4999999999999485	303.9716250000025	52.098500000001195	  
4.509999999999948	304.49226665000253	52.0298300000012	  
4.519999999999948	305.01222160000253	51.9611600000012	  
4.529999999999948	305.5314898500026	51.8924900000012	  
4.539999999999948	306.0500714000026	51.823820000001206	  
4.549999999999947	306.5679662500026	51.75515000000121	  
4.559999999999947	307.0851744000026	51.68648000000121	  
4.569999999999947	307.6016958500026	51.617810000001214	  
4.579999999999947	308.1175306000026	51.549140000001216	  
4.589999999999947	308.6326786500026	51.48047000000122	  
4.599999999999946	309.14714000000265	51.41180000000122	  
4.609999999999946	309.66091465000267	51.343130000001224	  
4.619999999999946	310.17400260000267	51.27446000000123	  
4.629999999999946	310.6864038500027	51.20579000000123	  
4.6399999999999455	311.1981184000027	51.13712000000123	  
4.649999999999945	311.70914625000273	51.068450000001235	  
4.659999999999945	312.2194874000027	50.99978000000124	  
4.669999999999945	312.72914185000275	50.93111000000124	  
4.679999999999945	313.23810960000276	50.86244000000124	  
4.689999999999944	313.74639065000275	50.793770000001246	  
4.699999999999944	314.2539850000028	50.72510000000125	  
4.709999999999944	314.7608926500028	50.65643000000125	  
4.719999999999944	315.2671136000028	50.58776000000125	  
4.729999999999944	315.77264785000284	50.519090000001256	  
4.739999999999943	316.27749540000286	50.45042000000126	  
4.749999999999943	316.78165625000287	50.38175000000126	  
4.759999999999943	317.28513040000286	50.313080000001264	  
4.769999999999943	317.7879178500029	50.24441000000127	  
4.7799999999999425	318.2900186000029	50.17574000000127	  
4.789999999999942	318.7914326500029	50.10707000000127	  
4.799999999999942	319.2921600000029	50.038400000001275	  
4.809999999999942	319.79220065000294	49.96973000000128	  
4.819999999999942	320.29155460000294	49.90106000000128	  
4.8299999999999415	320.790221850003	49.83239000000128	  
4.839999999999941	321.288202400003	49.763720000001285	  
4.849999999999941	321.785496250003	49.69505000000129	  
4.859999999999941	322.282103400003	49.62638000000129	  
4.869999999999941	322.778023850003	49.55771000000129	  
4.87999999999994	323.27325760000303	49.489040000001296	  
4.88999999999994	323.76780465000303	49.4203700000013	  
4.89999999999994	324.26166500000306	49.3517000000013	  
4.90999999999994	324.7548386500031	49.283030000001304	  
4.9199999999999395	325.2473256000031	49.21436000000131	  
4.929999999999939	325.7391258500031	49.14569000000131	  
4.939999999999939	326.23023940000314	49.07702000000131	  
4.949999999999939	326.72066625000315	49.008350000001315	  
4.959999999999939	327.21040640000314	48.93968000000132	  
4.9699999999999385	327.69945985000317	48.87101000000132	  
4.979999999999938	328.1878266000032	48.80234000000132	  
4.989999999999938	328.6755066500032	48.733670000001325	  
4.999999999999938	329.1625000000032	48.66500000000133	  
5.009999999999938	329.6488066500032	48.59633000000133	  
5.019999999999937	330.1344266000032	48.52766000000133	  
5.029999999999937	330.61935985000326	48.458990000001336	  
5.039999999999937	331.1036064000033	48.39032000000134	  
5.049999999999937	331.5871662500033	48.32165000000134	  
5.0599999999999365	332.0700394000033	48.252980000001344	  
5.069999999999936	332.5522258500033	48.18431000000135	  
5.079999999999936	333.0337256000033	48.11564000000135	  
5.089999999999936	333.5145386500033	48.04697000000135	  
5.099999999999936	333.99466500000335	47.978300000001354	  
5.1099999999999355	334.47410465000337	47.90963000000136	  
5.119999999999935	334.95285760000337	47.84096000000136	  
5.129999999999935	335.4309238500034	47.77229000000136	  
5.139999999999935	335.90830340000343	47.703620000001365	  
5.149999999999935	336.38499625000344	47.63495000000137	  
5.159999999999934	336.86100240000343	47.56628000000137	  
5.169999999999934	337.33632185000346	47.49761000000137	  
5.179999999999934	337.81095460000347	47.428940000001376	  
5.189999999999934	338.28490065000346	47.36027000000138	  
5.199999999999934	338.7581600000035	47.29160000000138	  
5.209999999999933	339.2307326500035	47.222930000001384	  
5.219999999999933	339.7026186000035	47.154260000001386	  
5.229999999999933	340.17381785000356	47.08559000000139	  
5.239999999999933	340.6443304000036	47.01692000000139	  
5.2499999999999325	341.1141562500036	46.948250000001394	  
5.259999999999932	341.5832954000036	46.8795800000014	  
5.269999999999932	342.0517478500036	46.8109100000014	  
5.279999999999932	342.5195136000036	46.7422400000014	  
5.289999999999932	342.9865926500036	46.673570000001405	  
5.299999999999931	343.45298500000365	46.60490000000141	  
5.309999999999931	343.91869065000367	46.53623000000141	  
5.319999999999931	344.38370960000367	46.46756000000141	  
5.329999999999931	344.8480418500037	46.398890000001416	  
5.339999999999931	345.31168740000373	46.33022000000142	  
5.34999999999993	345.77464625000374	46.26155000000142	  
5.35999999999993	346.23691840000373	46.19288000000142	  
5.36999999999993	346.69850385000376	46.124210000001426	  
5.37999999999993	347.1594026000038	46.05554000000143	  
5.3899999999999295	347.61961465000377	45.98687000000143	  
5.399999999999929	348.0791400000038	45.918200000001434	  
5.409999999999929	348.5379786500038	45.84953000000144	  
5.419999999999929	348.9961306000038	45.78086000000144	  
5.429999999999929	349.45359585000386	45.71219000000144	  
5.4399999999999284	349.9103744000039	45.643520000001445	  
5.449999999999928	350.3664662500039	45.57485000000145	  
5.459999999999928	350.8218714000039	45.50618000000145	  
5.469999999999928	351.2765898500039	45.43751000000145	  
5.479999999999928	351.73062160000393	45.368840000001455	  
5.489999999999927	352.1839666500039	45.30017000000146	  
5.499999999999927	352.63662500000396	45.23150000000146	  
5.509999999999927	353.088596650004	45.16283000000146	  
5.519999999999927	353.539881600004	45.094160000001466	  
5.5299999999999265	353.990479850004	45.02549000000147	  
5.539999999999926	354.44039140000405	44.95682000000147	  
5.549999999999926	354.88961625000405	44.888150000001474	  
5.559999999999926	355.33815440000404	44.81948000000148	  
5.569999999999926	355.7860058500041	44.75081000000148	  
5.5799999999999255	356.2331706000041	44.68214000000148	  
5.589999999999925	356.6796486500041	44.613470000001485	  
5.599999999999925	357.1254400000041	44.54480000000149	  
5.609999999999925	357.57054465000414	44.47613000000149	  
5.619999999999925	358.01496260000414	44.40746000000149	  
5.629999999999924	358.4586938500042	44.338790000001495	  
5.639999999999924	358.9017384000042	44.2701200000015	  
5.649999999999924	359.3440962500042	44.2014500000015	  
5.659999999999924	359.7857674000042	44.1327800000015	  
5.6699999999999235	360.22675185000423	44.064110000001506	  
5.679999999999923	360.66704960000425	43.99544000000151	  
5.689999999999923	361.10666065000424	43.92677000000151	  
5.699999999999923	361.5455850000043	43.858100000001514	  
5.709999999999923	361.9838226500043	43.789430000001516	  
5.7199999999999225	362.4213736000043	43.72076000000152	  
5.729999999999922	362.85823785000434	43.65209000000152	  
5.739999999999922	363.29441540000437	43.583420000001524	  
5.749999999999922	363.7299062500044	43.51475000000153	  
5.759999999999922	364.16471040000437	43.44608000000153	  
5.769999999999921	364.5988278500044	43.37741000000153	  
5.779999999999921	365.0322586000044	43.308740000001535	  
5.789999999999921	365.4650026500044	43.24007000000154	  
5.799999999999921	365.89706000000444	43.17140000000154	  
5.809999999999921	366.32843065000446	43.10273000000154	  
5.81999999999992	366.75911460000447	43.034060000001546	  
5.82999999999992	367.1891118500045	42.96539000000155	  
5.83999999999992	367.61842240000453	42.89672000000155	  
5.84999999999992	368.04704625000454	42.828050000001554	  
5.8599999999999195	368.47498340000453	42.759380000001556	  
5.869999999999919	368.90223385000456	42.69071000000156	  
5.879999999999919	369.3287976000046	42.62204000000156	  
5.889999999999919	369.7546746500046	42.553370000001564	  
5.899999999999919	370.1798650000046	42.48470000000157	  
5.909999999999918	370.60436865000463	42.41603000000157	  
5.919999999999918	371.02818560000463	42.34736000000157	  
5.929999999999918	371.4513158500047	42.278690000001575	  
5.939999999999918	371.8737594000047	42.21002000000158	  
5.949999999999918	372.2955162500047	42.14135000000158	  
5.959999999999917	372.7165864000047	42.07268000000158	  
5.969999999999917	373.13696985000473	42.004010000001585	  
5.979999999999917	373.55666660000475	41.93534000000159	  
5.989999999999917	373.97567665000474	41.86667000000159	  
5.9999999999999165	374.3940000000048	41.79800000000159	  
6.009999999999916	374.8116366500048	41.729330000001596	  
6.019999999999916	375.2285866000048	41.6606600000016	  
6.029999999999916	375.64484985000485	41.5919900000016	  
6.039999999999916	376.06042640000487	41.523320000001604	  
6.0499999999999154	376.4753162500049	41.45465000000161	  
6.059999999999915	376.8895194000049	41.38598000000161	  
6.069999999999915	377.3030358500049	41.31731000000161	  
6.079999999999915	377.7158656000049	41.248640000001615	  
6.089999999999915	378.1280086500049	41.17997000000162	  
6.099999999999914	378.53946500000495	41.11130000000162	  
6.109999999999914	378.950234650005	41.04263000000162	  
6.119999999999914	379.360317600005	40.973960000001625	  
6.129999999999914	379.769713850005	40.90529000000163	  
6.1399999999999135	380.17842340000504	40.83662000000163	  
6.149999999999913	380.58644625000505	40.76795000000163	  
6.159999999999913	380.99378240000505	40.699280000001636	  
6.169999999999913	381.4004318500051	40.63061000000164	  
6.179999999999913	381.8063946000051	40.56194000000164	  
6.1899999999999125	382.2116706500051	40.493270000001644	  
6.199999999999912	382.6162600000051	40.42460000000165	  
6.209999999999912	383.02016265000515	40.35593000000165	  
6.219999999999912	383.42337860000515	40.28726000000165	  
6.229999999999912	383.8259078500052	40.218590000001655	  
6.239999999999911	384.2277504000052	40.14992000000166	  
6.249999999999911	384.62890625000523	40.08125000000166	  
6.259999999999911	385.0293754000052	40.01258000000166	  
6.269999999999911	385.42915785000525	39.943910000001665	  
6.2799999999999105	385.82825360000527	39.87524000000167	  
6.28999999999991	386.22666265000527	39.80657000000167	  
6.29999999999991	386.6243850000053	39.73790000000167	  
6.30999999999991	387.0214206500053	39.669230000001676	  
6.31999999999991	387.41776960000533	39.60056000000168	  
6.3299999999999095	387.8134318500054	39.53189000000168	  
6.339999999999909	388.2084074000054	39.463220000001684	  
6.349999999999909	388.6026962500054	39.394550000001686	  
6.359999999999909	388.9962984000054	39.32588000000169	  
6.369999999999909	389.38921385000543	39.25721000000169	  
6.379999999999908	389.78144260000545	39.188540000001694	  
6.389999999999908	390.17298465000545	39.1198700000017	  
6.399999999999908	390.5638400000055	39.0512000000017	  
6.409999999999908	390.9540086500055	38.9825300000017	  
6.419999999999908	391.3434906000055	38.913860000001705	  
6.429999999999907	391.73228585000555	38.84519000000171	  
6.439999999999907	392.1203944000056	38.77652000000171	  
6.449999999999907	392.5078162500056	38.70785000000171	  
6.459999999999907	392.8945514000056	38.639180000001716	  
6.4699999999999065	393.2805998500056	38.57051000000172	  
6.479999999999906	393.66596160000563	38.50184000000172	  
6.489999999999906	394.05063665000563	38.433170000001724	  
6.499999999999906	394.43462500000567	38.364500000001726	  
6.509999999999906	394.8179266500057	38.29583000000173	  
6.519999999999905	395.2005416000057	38.22716000000173	  
6.529999999999905	395.58246985000574	38.158490000001734	  
6.539999999999905	395.96371140000576	38.08982000000174	  
6.549999999999905	396.3442662500058	38.02115000000174	  
6.559999999999905	396.72413440000577	37.95248000000174	  
6.569999999999904	397.1033158500058	37.883810000001745	  
6.579999999999904	397.4818106000058	37.81514000000175	  
6.589999999999904	397.8596186500058	37.74647000000175	  
6.599999999999904	398.23674000000585	37.67780000000175	  
6.6099999999999035	398.6131746500059	37.609130000001755	  
6.619999999999903	398.9889226000059	37.54046000000176	  
6.629999999999903	399.3639838500059	37.47179000000176	  
6.639999999999903	399.73835840000595	37.40312000000176	  
6.649999999999903	400.11204625000596	37.334450000001766	  
6.659999999999902	400.48504740000595	37.26578000000177	  
6.669999999999902	400.857361850006	37.19711000000177	  
6.679999999999902	401.228989600006	37.128440000001774	  
6.689999999999902	401.599930650006	37.05977000000178	  
6.699999999999902	401.97018500000604	36.99110000000178	  
6.709999999999901	402.33975265000606	36.92243000000178	  
6.719999999999901	402.70863360000607	36.853760000001785	  
6.729999999999901	403.0768278500061	36.78509000000179	  
6.739999999999901	403.44433540000614	36.71642000000179	  
6.7499999999999005	403.81115625000615	36.64775000000179	  
6.7599999999999	404.17729040000614	36.579080000001795	  
6.7699999999999	404.5427378500062	36.5104100000018	  
6.7799999999999	404.9074986000062	36.4417400000018	  
6.7899999999999	405.2715726500062	36.3730700000018	  
6.7999999999998995	405.63496000000623	36.304400000001806	  
6.809999999999899	405.99766065000625	36.23573000000181	  
6.819999999999899	406.35967460000626	36.16706000000181	  
6.829999999999899	406.7210018500063	36.098390000001814	  
6.839999999999899	407.08164240000633	36.02972000000182	  
6.849999999999898	407.44159625000634	35.96105000000182	  
6.859999999999898	407.80086340000634	35.89238000000182	  
6.869999999999898	408.15944385000637	35.823710000001824	  
6.879999999999898	408.5173376000064	35.75504000000183	  
6.8899999999998975	408.8745446500064	35.68637000000183	  
6.899999999999897	409.2310650000064	35.61770000000183	  
6.909999999999897	409.58689865000645	35.549030000001835	  
6.919999999999897	409.94204560000645	35.48036000000184	  
6.929999999999897	410.2965058500065	35.41169000000184	  
6.9399999999998965	410.6502794000065	35.34302000000184	  
6.949999999999896	411.00336625000654	35.274350000001846	  
6.959999999999896	411.35576640000653	35.20568000000185	  
6.969999999999896	411.70747985000656	35.13701000000185	  
6.979999999999896	412.0585066000066	35.068340000001854	  
6.989999999999895	412.4088466500066	34.999670000001856	  
6.999999999999895	412.7585000000066	34.93100000000186	  
7.009999999999895	413.10746665000664	34.86233000000186	  
7.019999999999895	413.45574660000665	34.793660000001864	  
7.0299999999998946	413.8033398500067	34.72499000000187	  
7.039999999999894	414.1502464000067	34.65632000000187	  
7.049999999999894	414.49646625000673	34.58765000000187	  
7.059999999999894	414.8419994000067	34.518980000001875	  
7.069999999999894	415.18684585000676	34.45031000000188	  
7.0799999999998935	415.5310056000068	34.38164000000188	  
7.089999999999893	415.8744786500068	34.31297000000188	  
7.099999999999893	416.2172650000068	34.244300000001886	  
7.109999999999893	416.55936465000684	34.17563000000189	  
7.119999999999893	416.90077760000685	34.10696000000189	  
7.129999999999892	417.2415038500069	34.03829000000189	  
7.139999999999892	417.5815434000069	33.969620000001896	  
7.149999999999892	417.92089625000693	33.9009500000019	  
7.159999999999892	418.2595624000069	33.8322800000019	  
7.169999999999892	418.59754185000696	33.763610000001904	  
7.179999999999891	418.934834600007	33.69494000000191	  
7.189999999999891	419.271440650007	33.62627000000191	  
7.199999999999891	419.607360000007	33.55760000000191	  
7.209999999999891	419.94259265000704	33.488930000001915	  
7.2199999999998905	420.27713860000705	33.42026000000192	  
7.22999999999989	420.6109978500071	33.35159000000192	  
7.23999999999989	420.9441704000071	33.28292000000192	  
7.24999999999989	421.27665625000714	33.214250000001925	  
7.25999999999989	421.60845540000713	33.14558000000193	  
7.269999999999889	421.93956785000717	33.07691000000193	  
7.279999999999889	422.2699936000072	33.00824000000193	  
7.289999999999889	422.5997326500072	32.939570000001936	  
7.299999999999889	422.9287850000072	32.87090000000194	  
7.309999999999889	423.25715065000725	32.80223000000194	  
7.319999999999888	423.58482960000725	32.733560000001944	  
7.329999999999888	423.9118218500073	32.66489000000195	  
7.339999999999888	424.23812740000733	32.59622000000195	  
7.349999999999888	424.56374625000734	32.52755000000195	  
7.3599999999998875	424.88867840000734	32.458880000001955	  
7.369999999999887	425.21292385000737	32.39021000000196	  
7.379999999999887	425.5364826000074	32.32154000000196	  
7.389999999999887	425.8593546500074	32.25287000000196	  
7.399999999999887	426.18154000000743	32.184200000001965	  
7.4099999999998865	426.50303865000745	32.11553000000197	  
7.419999999999886	426.82385060000746	32.04686000000197	  
7.429999999999886	427.1439758500075	31.97819000000197	  
7.439999999999886	427.46341440000754	31.90952000000197	  
7.449999999999886	427.78216625000755	31.840850000001968	  
7.459999999999885	428.10023140000754	31.772180000001967	  
7.469999999999885	428.4176098500076	31.703510000001966	  
7.479999999999885	428.7343016000076	31.634840000001965	  
7.489999999999885	429.0503066500076	31.566170000001964	  
7.4999999999998845	429.36562500000764	31.497500000001963	  
7.509999999999884	429.68025665000766	31.428830000001962	  
7.519999999999884	429.99420160000767	31.36016000000196	  
7.529999999999884	430.3074598500077	31.29149000000196	  
7.539999999999884	430.62003140000775	31.22282000000196	  
7.5499999999998835	430.93191625000776	31.15415000000196	  
7.559999999999883	431.24311440000776	31.085480000001958	  
7.569999999999883	431.5536258500078	31.016810000001957	  
7.579999999999883	431.8634506000078	30.948140000001956	  
7.589999999999883	432.1725886500078	30.879470000001955	  
7.599999999999882	432.48104000000785	30.810800000001954	  
7.609999999999882	432.7888046500079	30.742130000001954	  
7.619999999999882	433.0958826000079	30.673460000001953	  
7.629999999999882	433.40227385000793	30.60479000000195	  
7.6399999999998816	433.70797840000796	30.53612000000195	  
7.649999999999881	434.012996250008	30.46745000000195	  
7.659999999999881	434.31732740000797	30.39878000000195	  
7.669999999999881	434.620971850008	30.330110000001948	  
7.679999999999881	434.923929600008	30.261440000001947	  
7.6899999999998805	435.226200650008	30.192770000001946	  
7.69999999999988	435.52778500000807	30.124100000001945	  
7.70999999999988	435.8286826500081	30.055430000001945	  
7.71999999999988	436.1288936000081	29.986760000001944	  
7.72999999999988	436.42841785000815	29.918090000001943	  
7.739999999999879	436.7272554000082	29.849420000001942	  
7.749999999999879	437.0254062500082	29.78075000000194	  
7.759999999999879	437.3228704000082	29.71208000000194	  
7.769999999999879	437.6196478500082	29.64341000000194	  
7.779999999999879	437.91573860000824	29.57474000000194	  
7.789999999999878	438.21114265000824	29.506070000001937	  
7.799999999999878	438.5058600000083	29.437400000001936	  
7.809999999999878	438.7998906500083	29.368730000001936	  
7.819999999999878	439.0932346000083	29.300060000001935	  
7.8299999999998775	439.38589185000836	29.231390000001934	  
7.839999999999877	439.6778624000084	29.162720000001933	  
7.849999999999877	439.9691462500084	29.094050000001932	  
7.859999999999877	440.2597434000084	29.02538000000193	  
7.869999999999877	440.54965385000844	28.95671000000193	  
7.879999999999876	440.83887760000846	28.88804000000193	  
7.889999999999876	441.12741465000846	28.81937000000193	  
7.899999999999876	441.4152650000085	28.750700000001927	  
7.909999999999876	441.7024286500085	28.682030000001927	  
7.919999999999876	441.98890560000854	28.613360000001926	  
7.929999999999875	442.2746958500085	28.544690000001925	  
7.939999999999875	442.55979940000856	28.476020000001924	  
7.949999999999875	442.84421625000857	28.407350000001923	  
7.959999999999875	443.12794640000857	28.338680000001922	  
7.9699999999998745	443.4109898500086	28.27001000000192	  
7.979999999999874	443.6933466000086	28.20134000000192	  
7.989999999999874	443.9750166500086	28.13267000000192	  
7.999999999999874	444.25600000000867	28.06400000000192	  
8.009999999999874	444.5362966500087	27.995330000001918	  
8.019999999999873	444.8159066000087	27.926660000001917	  
8.029999999999873	445.0948298500087	27.857990000001916	  
8.039999999999873	445.3730664000087	27.789320000001915	  
8.049999999999873	445.65061625000874	27.720650000001914	  
8.059999999999873	445.92747940000874	27.651980000001913	  
8.069999999999872	446.2036558500088	27.583310000001912	  
8.079999999999872	446.4791456000088	27.51464000000191	  
8.089999999999872	446.7539486500088	27.44597000000191	  
8.099999999999872	447.02806500000884	27.37730000000191	  
8.109999999999872	447.30149465000886	27.30863000000191	  
8.119999999999871	447.57423760000887	27.239960000001908	  
8.129999999999871	447.84629385000886	27.171290000001907	  
8.139999999999871	448.1176634000089	27.102620000001906	  
8.14999999999987	448.3883462500089	27.033950000001905	  
8.15999999999987	448.6583424000089	26.965280000001904	  
8.16999999999987	448.92765185000894	26.896610000001903	  
8.17999999999987	449.19627460000896	26.827940000001902	  
8.18999999999987	449.46421065000897	26.7592700000019	  
8.19999999999987	449.731460000009	26.6906000000019	  
8.20999999999987	449.99802265000903	26.6219300000019	  
8.21999999999987	450.26389860000904	26.5532600000019	  
8.229999999999869	450.52908785000903	26.484590000001898	  
8.239999999999869	450.79359040000907	26.415920000001897	  
8.249999999999869	451.0574062500091	26.347250000001896	  
8.259999999999868	451.3205354000091	26.278580000001895	  
8.269999999999868	451.5829778500091	26.209910000001894	  
8.279999999999868	451.84473360000914	26.141240000001893	  
8.289999999999868	452.10580265000914	26.072570000001893	  
8.299999999999867	452.3661850000092	26.00390000000189	  
8.309999999999867	452.6258806500092	25.93523000000189	  
8.319999999999867	452.8848896000092	25.86656000000189	  
8.329999999999867	453.1432118500092	25.79789000000189	  
8.339999999999867	453.40084740000924	25.729220000001888	  
8.349999999999866	453.65779625000926	25.660550000001887	  
8.359999999999866	453.91405840000925	25.591880000001886	  
8.369999999999866	454.1696338500093	25.523210000001885	  
8.379999999999866	454.4245226000093	25.454540000001884	  
8.389999999999866	454.6787246500093	25.385870000001884	  
8.399999999999865	454.93224000000936	25.317200000001883	  
8.409999999999865	455.1850686500094	25.24853000000188	  
8.419999999999865	455.4372106000094	25.17986000000188	  
8.429999999999865	455.6886658500094	25.11119000000188	  
8.439999999999864	455.9394344000094	25.04252000000188	  
8.449999999999864	456.18951625000943	24.973850000001878	  
8.459999999999864	456.43891140000943	24.905180000001877	  
8.469999999999864	456.68761985000947	24.836510000001876	  
8.479999999999864	456.9356416000095	24.767840000001875	  
8.489999999999863	457.1829766500095	24.699170000001875	  
8.499999999999863	457.42962500000954	24.630500000001874	  
8.509999999999863	457.67558665000956	24.561830000001873	  
8.519999999999863	457.9208616000096	24.493160000001872	  
8.529999999999863	458.16544985000957	24.42449000000187	  
8.539999999999862	458.4093514000096	24.35582000000187	  
8.549999999999862	458.6525662500096	24.28715000000187	  
8.559999999999862	458.8950944000096	24.21848000000187	  
8.569999999999862	459.13693585000965	24.149810000001867	  
8.579999999999862	459.37809060000967	24.081140000001866	  
8.589999999999861	459.6185586500097	24.012470000001866	  
8.599999999999861	459.8583400000097	23.943800000001865	  
8.60999999999986	460.09743465000975	23.875130000001864	  
8.61999999999986	460.33584260000976	23.806460000001863	  
8.62999999999986	460.57356385000975	23.737790000001862	  
8.63999999999986	460.8105984000098	23.66912000000186	  
8.64999999999986	461.0469462500098	23.60045000000186	  
8.65999999999986	461.2826074000098	23.53178000000186	  
8.66999999999986	461.51758185000983	23.46311000000186	  
8.67999999999986	461.75186960000985	23.394440000001858	  
8.68999999999986	461.98547065000986	23.325770000001857	  
8.699999999999859	462.2183850000099	23.257100000001856	  
8.709999999999859	462.45061265000993	23.188430000001855	  
8.719999999999859	462.68215360000994	23.119760000001854	  
8.729999999999858	462.91300785000993	23.051090000001853	  
8.739999999999858	463.14317540000997	22.982420000001852	  
8.749999999999858	463.37265625001	22.91375000000185	  
8.759999999999858	463.60145040001	22.84508000000185	  
8.769999999999857	463.82955785001	22.77641000000185	  
8.779999999999857	464.05697860001004	22.70774000000185	  
8.789999999999857	464.28371265001005	22.639070000001848	  
8.799999999999857	464.5097600000101	22.570400000001847	  
8.809999999999857	464.7351206500101	22.501730000001846	  
8.819999999999856	464.9597946000101	22.433060000001845	  
8.829999999999856	465.1837818500101	22.364390000001844	  
8.839999999999856	465.40708240001015	22.295720000001843	  
8.849999999999856	465.62969625001017	22.227050000001842	  
8.859999999999856	465.85162340001017	22.15838000000184	  
8.869999999999855	466.0728638500102	22.08971000000184	  
8.879999999999855	466.29341760001023	22.02104000000184	  
8.889999999999855	466.51328465001023	21.95237000000184	  
8.899999999999855	466.7324650000103	21.883700000001838	  
8.909999999999854	466.9509586500103	21.815030000001837	  
8.919999999999854	467.1687656000103	21.746360000001836	  
8.929999999999854	467.3858858500103	21.677690000001835	  
8.939999999999854	467.60231940001034	21.609020000001834	  
8.949999999999854	467.81806625001036	21.540350000001833	  
8.959999999999853	468.03312640001036	21.471680000001832	  
8.969999999999853	468.2474998500104	21.40301000000183	  
8.979999999999853	468.4611866000104	21.33434000000183	  
8.989999999999853	468.6741866500104	21.26567000000183	  
8.999999999999853	468.88650000001047	21.19700000000183	  
9.009999999999852	469.0981266500105	21.128330000001828	  
9.019999999999852	469.3090666000105	21.059660000001827	  
9.029999999999852	469.5193198500105	20.990990000001826	  
9.039999999999852	469.72888640001054	20.922320000001825	  
9.049999999999851	469.93776625001055	20.853650000001824	  
9.059999999999851	470.14595940001055	20.784980000001823	  
9.069999999999851	470.3534658500106	20.716310000001823	  
9.07999999999985	470.5602856000106	20.64764000000182	  
9.08999999999985	470.7664186500106	20.57897000000182	  
9.09999999999985	470.97186500001067	20.51030000000182	  
9.10999999999985	471.1766246500107	20.44163000000182	  
9.11999999999985	471.3806976000107	20.372960000001818	  
9.12999999999985	471.5840838500107	20.304290000001817	  
9.13999999999985	471.78678340001073	20.235620000001816	  
9.14999999999985	471.98879625001075	20.166950000001815	  
9.15999999999985	472.19012240001075	20.098280000001814	  
9.169999999999849	472.3907618500108	20.029610000001814	  
9.179999999999849	472.5907146000108	19.960940000001813	  
9.189999999999849	472.7899806500108	19.892270000001812	  
9.199999999999848	472.98856000001086	19.82360000000181	  
9.209999999999848	473.1864526500109	19.75493000000181	  
9.219999999999848	473.3836586000109	19.68626000000181	  
9.229999999999848	473.5801778500109	19.617590000001808	  
9.239999999999847	473.77601040001093	19.548920000001807	  
9.249999999999847	473.97115625001095	19.480250000001806	  
9.259999999999847	474.16561540001095	19.411580000001806	  
9.269999999999847	474.359387850011	19.342910000001805	  
9.279999999999847	474.552473600011	19.274240000001804	  
9.289999999999846	474.744872650011	19.205570000001803	  
9.299999999999846	474.93658500001106	19.136900000001802	  
9.309999999999846	475.1276106500111	19.0682300000018	  
9.319999999999846	475.3179496000111	18.9995600000018	  
9.329999999999846	475.5076018500111	18.9308900000018	  
9.339999999999845	475.69656740001113	18.8622200000018	  
9.349999999999845	475.88484625001115	18.793550000001797	  
9.359999999999845	476.07243840001115	18.724880000001797	  
9.369999999999845	476.2593438500112	18.656210000001796	  
9.379999999999844	476.4455626000112	18.587540000001795	  
9.389999999999844	476.6310946500112	18.518870000001794	  
9.399999999999844	476.81594000001127	18.450200000001793	  
9.409999999999844	477.0000986500113	18.381530000001792	  
9.419999999999844	477.1835706000113	18.31286000000179	  
9.429999999999843	477.3663558500113	18.24419000000179	  
9.439999999999843	477.54845440001134	18.17552000000179	  
9.449999999999843	477.72986625001136	18.10685000000179	  
9.459999999999843	477.91059140001136	18.038180000001788	  
9.469999999999843	478.0906298500114	17.969510000001787	  
9.479999999999842	478.2699816000114	17.900840000001786	  
9.489999999999842	478.4486466500114	17.832170000001785	  
9.499999999999842	478.6266250000115	17.763500000001784	  
9.509999999999842	478.8039166500115	17.694830000001783	  
9.519999999999841	478.9805216000115	17.626160000001782	  
9.529999999999841	479.1564398500115	17.55749000000178	  
9.539999999999841	479.33167140001154	17.48882000000178	  
9.54999999999984	479.50621625001156	17.42015000000178	  
9.55999999999984	479.68007440001156	17.35148000000178	  
9.56999999999984	479.8532458500116	17.282810000001778	  
9.57999999999984	480.0257306000116	17.214140000001777	  
9.58999999999984	480.19752865001163	17.145470000001776	  
9.59999999999984	480.3686400000116	17.076800000001775	  
9.60999999999984	480.53906465001165	17.008130000001774	  
9.61999999999984	480.70880260001167	16.939460000001773	  
9.62999999999984	480.87785385001166	16.870790000001772	  
9.639999999999839	481.0462184000117	16.80212000000177	  
9.649999999999839	481.2138962500117	16.73345000000177	  
9.659999999999838	481.3808874000117	16.66478000000177	  
9.669999999999838	481.54719185001176	16.59611000000177	  
9.679999999999838	481.7128096000118	16.527440000001768	  
9.689999999999838	481.8777406500118	16.458770000001767	  
9.699999999999838	482.0419850000118	16.390100000001766	  
9.709999999999837	482.2055426500118	16.321430000001765	  
9.719999999999837	482.3684136000118	16.252760000001764	  
9.729999999999837	482.5305978500118	16.184090000001763	  
9.739999999999837	482.69209540001185	16.115420000001762	  
9.749999999999837	482.85290625001187	16.04675000000176	  
9.759999999999836	483.01303040001187	15.978080000001762	  
9.769999999999836	483.1724678500119	15.909410000001763	  
9.779999999999836	483.33121860001194	15.840740000001764	  
9.789999999999836	483.48928265001194	15.772070000001765	  
9.799999999999836	483.64666000001193	15.703400000001766	  
9.809999999999835	483.80335065001196	15.634730000001767	  
9.819999999999835	483.959354600012	15.566060000001768	  
9.829999999999835	484.114671850012	15.497390000001769	  
9.839999999999835	484.269302400012	15.42872000000177	  
9.849999999999834	484.423246250012	15.36005000000177	  
9.859999999999834	484.57650340001203	15.291380000001771	  
9.869999999999834	484.72907385001207	15.222710000001772	  
9.879999999999834	484.8809576000121	15.154040000001773	  
9.889999999999834	485.0321546500121	15.085370000001774	  
9.899999999999833	485.1826650000121	15.016700000001775	  
9.909999999999833	485.3324886500121	14.948030000001776	  
9.919999999999833	485.48162560001214	14.879360000001776	  
9.929999999999833	485.63007585001213	14.810690000001777	  
9.939999999999833	485.77783940001217	14.742020000001778	  
9.949999999999832	485.9249162500122	14.67335000000178	  
9.959999999999832	486.0713064000122	14.60468000000178	  
9.969999999999832	486.21700985001223	14.536010000001781	  
9.979999999999832	486.36202660001226	14.467340000001782	  
9.989999999999831	486.50635665001226	14.398670000001783	  
9.999999999999831	486.65000000001226	14.330000000001784	  
10.009999999999831	486.7929566500123	14.261330000001784	  
10.01999999999983	486.9352266000123	14.192660000001785	  
10.02999999999983	487.0768098500123	14.123990000001786	  
10.03999999999983	487.21770640001233	14.055320000001787	  
10.04999999999983	487.35791625001235	13.986650000001788	  
10.05999999999983	487.49743940001235	13.917980000001789	  
10.06999999999983	487.6362758500124	13.84931000000179	  
10.07999999999983	487.7744256000124	13.78064000000179	  
10.08999999999983	487.91188865001243	13.711970000001791	  
10.09999999999983	488.0486650000124	13.643300000001792	  
10.109999999999829	488.18475465001245	13.574630000001793	  
10.119999999999829	488.32015760001246	13.505960000001794	  
10.129999999999828	488.45487385001246	13.437290000001795	  
10.139999999999828	488.5889034000125	13.368620000001796	  
10.149999999999828	488.7222462500125	13.299950000001797	  
10.159999999999828	488.8549024000125	13.231280000001798	  
10.169999999999828	488.98687185001256	13.162610000001798	  
10.179999999999827	489.1181546000126	13.0939400000018	  
10.189999999999827	489.2487506500126	13.0252700000018	  
10.199999999999827	489.3786600000126	12.956600000001801	  
10.209999999999827	489.5078826500126	12.887930000001802	  
10.219999999999827	489.63641860001263	12.819260000001803	  
10.229999999999826	489.76426785001263	12.750590000001804	  
10.239999999999826	489.89143040001267	12.681920000001805	  
10.249999999999826	490.0179062500127	12.613250000001806	  
10.259999999999826	490.1436954000127	12.544580000001806	  
10.269999999999825	490.26879785001273	12.475910000001807	  
10.279999999999825	490.39321360001276	12.407240000001808	  
10.289999999999825	490.51694265001277	12.338570000001809	  
10.299999999999825	490.63998500001276	12.26990000000181	  
10.309999999999825	490.7623406500128	12.20123000000181	  
10.319999999999824	490.8840096000128	12.132560000001812	  
10.329999999999824	491.0049918500128	12.063890000001813	  
10.339999999999824	491.12528740001284	11.995220000001813	  
10.349999999999824	491.24489625001286	11.926550000001814	  
10.359999999999824	491.36381840001286	11.857880000001815	  
10.369999999999823	491.4820538500129	11.789210000001816	  
10.379999999999823	491.59960260001293	11.720540000001817	  
10.389999999999823	491.71646465001294	11.651870000001818	  
10.399999999999823	491.83264000001293	11.583200000001819	  
10.409999999999823	491.94812865001296	11.51453000000182	  
10.419999999999822	492.062930600013	11.44586000000182	  
10.429999999999822	492.177045850013	11.377190000001821	  
10.439999999999822	492.290474400013	11.308520000001822	  
10.449999999999822	492.40321625001303	11.239850000001823	  
10.459999999999821	492.51527140001303	11.171180000001824	  
10.469999999999821	492.6266398500131	11.102510000001825	  
10.479999999999821	492.7373216000131	11.033840000001826	  
10.48999999999982	492.8473166500131	10.965170000001827	  
10.49999999999982	492.9566250000131	10.896500000001828	  
10.50999999999982	493.06524665001314	10.827830000001828	  
10.51999999999982	493.17318160001315	10.75916000000183	  
10.52999999999982	493.28042985001315	10.69049000000183	  
10.53999999999982	493.3869914000132	10.621820000001831	  
10.54999999999982	493.4928662500132	10.553150000001832	  
10.55999999999982	493.5980544000132	10.484480000001833	  
10.569999999999819	493.70255585001325	10.415810000001834	  
10.579999999999819	493.8063706000133	10.347140000001835	  
10.589999999999819	493.9094986500133	10.278470000001835	  
10.599999999999818	494.0119400000133	10.209800000001836	  
10.609999999999818	494.1136946500133	10.141130000001837	  
10.619999999999818	494.21476260001333	10.072460000001838	  
10.629999999999818	494.3151438500133	10.003790000001839	  
10.639999999999818	494.41483840001337	9.93512000000184	  
10.649999999999817	494.5138462500134	9.86645000000184	  
10.659999999999817	494.6121674000134	9.797780000001842	  
10.669999999999817	494.70980185001343	9.729110000001842	  
10.679999999999817	494.80674960001346	9.660440000001843	  
10.689999999999817	494.90301065001347	9.591770000001844	  
10.699999999999816	494.99858500001346	9.523100000001845	  
10.709999999999816	495.0934726500135	9.454430000001846	  
10.719999999999816	495.1876736000135	9.385760000001847	  
10.729999999999816	495.2811878500135	9.317090000001848	  
10.739999999999815	495.37401540001355	9.248420000001849	  
10.749999999999815	495.46615625001357	9.17975000000185	  
10.759999999999815	495.5576104000136	9.11108000000185	  
10.769999999999815	495.6483778500136	9.042410000001851	  
10.779999999999815	495.73845860001364	8.973740000001852	  
10.789999999999814	495.82785265001365	8.905070000001853	  
10.799999999999814	495.91656000001365	8.836400000001854	  
10.809999999999814	496.0045806500137	8.767730000001855	  
10.819999999999814	496.0919146000137	8.699060000001856	  
10.829999999999814	496.1785618500137	8.630390000001857	  
10.839999999999813	496.26452240001373	8.561720000001857	  
10.849999999999813	496.34979625001375	8.493050000001858	  
10.859999999999813	496.43438340001376	8.42438000000186	  
10.869999999999813	496.5182838500138	8.35571000000186	  
10.879999999999812	496.60149760001383	8.287040000001861	  
10.889999999999812	496.68402465001384	8.218370000001862	  
10.899999999999812	496.76586500001383	8.149700000001863	  
10.909999999999812	496.84701865001387	8.081030000001864	  
10.919999999999812	496.9274856000139	8.012360000001864	  
10.929999999999811	497.0072658500139	7.943690000001864	  
10.939999999999811	497.0863594000139	7.875020000001864	  
10.949999999999811	497.16476625001394	7.806350000001864	  
10.95999999999981	497.24248640001395	7.737680000001864	  
10.96999999999981	497.319519850014	7.669010000001864	  
10.97999999999981	497.395866600014	7.600340000001864	  
10.98999999999981	497.471526650014	7.531670000001864	  
10.99999999999981	497.546500000014	7.463000000001864	  
11.00999999999981	497.62078665001405	7.394330000001864	  
11.01999999999981	497.69438660001407	7.325660000001864	  
11.02999999999981	497.76729985001407	7.256990000001864	  
11.039999999999809	497.8395264000141	7.188320000001864	  
11.049999999999809	497.91106625001413	7.119650000001864	  
11.059999999999809	497.98191940001414	7.050980000001864	  
11.069999999999808	498.0520858500142	6.982310000001864	  
11.079999999999808	498.1215656000142	6.913640000001864	  
11.089999999999808	498.1903586500142	6.844970000001864	  
11.099999999999808	498.2584650000142	6.776300000001864	  
11.109999999999808	498.32588465001425	6.707630000001864	  
11.119999999999807	498.39261760001426	6.638960000001864	  
11.129999999999807	498.45866385001426	6.570290000001864	  
11.139999999999807	498.5240234000143	6.501620000001864	  
11.149999999999807	498.5886962500143	6.432950000001864	  
11.159999999999807	498.6526824000143	6.364280000001864	  
11.169999999999806	498.7159818500144	6.295610000001864	  
11.179999999999806	498.7785946000144	6.226940000001864	  
11.189999999999806	498.8405206500144	6.158270000001864	  
11.199999999999806	498.9017600000144	6.089600000001864	  
11.209999999999805	498.96231265001444	6.020930000001864	  
11.219999999999805	499.02217860001446	5.952260000001864	  
11.229999999999805	499.08135785001446	5.883590000001864	  
11.239999999999805	499.1398504000145	5.814920000001864	  
11.249999999999805	499.1976562500145	5.746250000001864	  
11.259999999999804	499.2547754000145	5.677580000001864	  
11.269999999999804	499.31120785001457	5.608910000001864	  
11.279999999999804	499.3669536000146	5.540240000001864	  
11.289999999999804	499.4220126500146	5.471570000001864	  
11.299999999999804	499.4763850000146	5.402900000001864	  
11.309999999999803	499.53007065001464	5.334230000001864	  
11.319999999999803	499.58306960001465	5.265560000001864	  
11.329999999999803	499.63538185001465	5.196890000001864	  
11.339999999999803	499.6870074000147	5.128220000001864	  
11.349999999999802	499.7379462500147	5.059550000001864	  
11.359999999999802	499.7881984000147	4.990880000001864	  
11.369999999999802	499.83776385001477	4.922210000001864	  
11.379999999999802	499.8866426000148	4.853540000001864	  
11.389999999999802	499.9348346500148	4.784870000001864	  
11.399999999999801	499.9823400000148	4.716200000001864	  
11.409999999999801	500.02915865001484	4.647530000001864	  
11.419999999999801	500.07529060001485	4.578860000001864	  
11.4299999999998	500.12073585001485	4.510190000001864	  
11.4399999999998	500.1654944000149	4.441520000001864	  
11.4499999999998	500.2095662500149	4.372850000001864	  
11.4599999999998	500.2529514000149	4.304180000001864	  
11.4699999999998	500.29564985001497	4.235510000001864	  
11.4799999999998	500.337661600015	4.166840000001864	  
11.4899999999998	500.378986650015	4.098170000001864	  
11.4999999999998	500.419625000015	4.029500000001864	  
11.509999999999799	500.45957665001504	3.960830000001864	  
11.519999999999799	500.49884160001506	3.892160000001864	  
11.529999999999799	500.53741985001506	3.823490000001864	  
11.539999999999798	500.5753114000151	3.754820000001864	  
11.549999999999798	500.6125162500151	3.686150000001864	  
11.559999999999798	500.6490344000151	3.617480000001864	  
11.569999999999798	500.68486585001517	3.548810000001864	  
11.579999999999798	500.7200106000152	3.480140000001864	  
11.589999999999797	500.7544686500152	3.411470000001864	  
11.599999999999797	500.7882400000152	3.342800000001864	  
11.609999999999797	500.82132465001524	3.274130000001864	  
11.619999999999797	500.85372260001526	3.205460000001864	  
11.629999999999797	500.88543385001526	3.136790000001864	  
11.639999999999796	500.9164584000153	3.068120000001864	  
11.649999999999796	500.9467962500153	2.999450000001864	  
11.659999999999796	500.97644740001533	2.930780000001864	  
11.669999999999796	501.0054118500154	2.8621100000018638	  
11.679999999999795	501.0336896000154	2.7934400000018638	  
11.689999999999795	501.0612806500154	2.7247700000018638	  
11.699999999999795	501.0881850000154	2.6561000000018637	  
11.709999999999795	501.11440265001545	2.5874300000018637	  
11.719999999999795	501.13993360001547	2.5187600000018637	  
11.729999999999794	501.16477785001547	2.4500900000018637	  
11.739999999999794	501.1889354000155	2.3814200000018637	  
11.749999999999794	501.21240625001553	2.3127500000018637	  
11.759999999999794	501.23519040001554	2.2440800000018637	  
11.769999999999794	501.2572878500156	2.1754100000018637	  
11.779999999999793	501.2786986000156	2.1067400000018637	  
11.789999999999793	501.29942265001563	2.0380700000018637	  
11.799999999999793	501.3194600000156	1.9694000000018637	  
11.809999999999793	501.33881065001566	1.9007300000018637	  
11.819999999999792	501.3574746000157	1.8320600000018636	  
11.829999999999792	501.3754518500157	1.7633900000018636	  
11.839999999999792	501.3927424000157	1.6947200000018636	  
11.849999999999792	501.40934625001574	1.6260500000018636	  
11.859999999999792	501.42526340001575	1.5573800000018636	  
11.869999999999791	501.4404938500158	1.4887100000018636	  
11.879999999999791	501.4550376000158	1.4200400000018636	  
11.889999999999791	501.46889465001584	1.3513700000018636	  
11.89999999999979	501.48206500001584	1.2827000000018636	  
11.90999999999979	501.4945486500159	1.2140300000018636	  
11.91999999999979	501.5063456000159	1.1453600000018636	  
11.92999999999979	501.5174558500159	1.0766900000018635	  
11.93999999999979	501.52787940001593	1.0080200000018635	  
11.94999999999979	501.53761625001596	0.9393500000018635	  
11.95999999999979	501.54666640001597	0.8706800000018635	  
11.96999999999979	501.55502985001596	0.8020100000018635	  
11.979999999999789	501.562706600016	0.7333400000018635	  
11.989999999999789	501.569696650016	0.6646700000018635	  
11.999999999999789	501.576000000016	0.5960000000018635	  
12.009999999999788	501.58161665001603	0.5273300000018635	  
12.019999999999788	501.58654660001605	0.45866000000186347	  
12.029999999999788	501.59078985001605	0.38999000000186346	  
12.039999999999788	501.5943464000161	0.32132000000186345	  
12.049999999999788	501.5972162500161	0.25265000000186344	  
12.059999999999787	501.5993994000161	0.18398000000186343	  
12.069999999999787	501.6008958500161	0.11531000000186344	  
12.079999999999787	501.60170560001615	0.04664000000186344	  
